0.000000000000000 -3.000000000000000
0.010010010010010 -3.102149340200868
0.020020020020020 -3.172952176152826
0.030030030030030 -3.218349772933426
0.040040040040040 -3.243200419304262
0.050050050050050 -3.251476015282498
0.060060060060060 -3.246422990234212
0.070070070070070 -3.230694023154206
0.080080080080080 -3.206455862621718
0.090090090090090 -3.175477582780546
0.100100100100100 -3.139202824934044
0.110110110110110 -3.098808930331356
0.120120120120120 -3.055255342552697
0.130130130130130 -3.009323226378780
0.140140140140140 -2.961647896799354
0.150150150150150 -2.912745362673256
0.160160160160160 -2.863034052870009
0.170170170170170 -2.812852598982530
0.180180180180180 -2.762474390111101
0.190190190190190 -2.712119485402677
0.200200200200200 -2.661964363766490
0.210210210210210 -2.612149903203473
0.220220220220220 -2.562787910985248
0.230230230230230 -2.513966467635068
0.240240240240240 -2.465754299954214
0.250250250250250 -2.418204359284544
0.260260260260260 -2.371356749230474
0.270270270270270 -2.325241120896285
0.280280280280280 -2.279878632274865
0.290290290290290 -2.235283550890493
0.300300300300300 -2.191464564445941
0.310310310310310 -2.148425852475833
0.320320320320320 -2.106167962391402
0.330330330330330 -2.064688525429842
0.340340340340340 -2.023982841577666
0.350350350350350 -1.984044357262939
0.360360360360360 -1.944865055293574
0.370370370370370 -1.906435772984687
0.380380380380380 -1.868746461524947
0.390390390390390 -1.831786397263788
0.400400400400400 -1.795544353662874
0.410410410410410 -1.760008741068466
0.420420420420420 -1.725167720162503
0.430430430430430 -1.691009293887020
0.440440440440440 -1.657521381766232
0.450450450450450 -1.624691879838258
0.460460460460460 -1.592508708825329
0.470470470470470 -1.560959852693999
0.480480480480480 -1.530033389366189
0.490490490490490 -1.499717515022073
0.500500500500500 -1.470000563174026
0.510510510510510 -1.440871019476584
0.520520520520520 -1.412317533061969
0.530530530530530 -1.384328925047163
0.540540540540540 -1.356894194741006
0.550550550550550 -1.330002523983594
0.560560560560560 -1.303643279971561
0.570570570570570 -1.277806016858328
0.580580580580580 -1.252480476365738
0.590590590590590 -1.227656587600257
0.600600600600600 -1.203324466231633
0.610610610610611 -1.179474413163001
0.620620620620621 -1.156096912797699
0.630630630630631 -1.133182630988780
0.640640640640641 -1.110722412741282
0.650650650650651 -1.088707279724407
0.660660660660661 -1.067128427640119
0.670670670670671 -1.045977223486010
0.680680680680681 -1.025245202743165
0.690690690690691 -1.004924066513982
0.700700700700701 -0.985005678630110
0.710710710710711 -0.965482062746834
0.720720720720721 -0.946345399437013
0.730730730730731 -0.927588023295128
0.740740740740741 -0.909202420059846
0.750750750750751 -0.891181223761789
0.760760760760761 -0.873517213901790
0.770770770770771 -0.856203312663748
0.780780780780781 -0.839232582165271
0.790790790790791 -0.822598221748527
0.800800800800801 -0.806293565313093
0.810810810810811 -0.790312078692101
0.820820820820821 -0.774647357072542
0.830830830830831 -0.759293122460300
0.840840840840841 -0.744243221190174
0.850850850850851 -0.729491621480951
0.860860860860861 -0.715032411035429
0.870870870870871 -0.700859794685121
0.880880880880881 -0.686968092079297
0.890890890890891 -0.673351735417887
0.900900900900901 -0.660005267227753
0.910910910910911 -0.646923338181734
0.920920920920921 -0.634100704959873
0.930930930930931 -0.621532228152153
0.940940940940941 -0.609212870202113
0.950950950950951 -0.597137693390628
0.960960960960961 -0.585301857859181
0.970970970970971 -0.573700619671933
0.980980980980981 -0.562329328915878
0.990990990990991 -0.551183427838396
1.001001001001001 -0.540258449021514
1.011011011011011 -0.529550013592168
1.021021021021021 -0.519053829467812
1.031031031031031 -0.508765689636670
1.041041041041041 -0.498681470471987
1.051051051051051 -0.488797130079611
1.061061061061061 -0.479108706678268
1.071071071071071 -0.469612317011879
1.081081081081081 -0.460304154793319
1.091091091091091 -0.451180489178971
1.101101101101101 -0.442237663273498
1.111111111111111 -0.433472092664220
1.121121121121121 -0.424880263984533
1.131131131131131 -0.416458733505771
1.141141141141141 -0.408204125756982
1.151151151151151 -0.400113132172037
1.161161161161161 -0.392182509763557
1.171171171171171 -0.384409079823109
1.181181181181181 -0.376789726647162
1.191191191191191 -0.369321396288292
1.201201201201201 -0.362001095331137
1.211211211211211 -0.354825889692606
1.221221221221221 -0.347792903445869
1.231231231231231 -0.340899317667655
1.241241241241241 -0.334142369308395
1.251251251251251 -0.327519350084758
1.261261261261261 -0.321027605394138
1.271271271271271 -0.314664533250656
1.281281281281281 -0.308427583242248
1.291291291291291 -0.302314255508429
1.301301301301301 -0.296322099738312
1.311311311311311 -0.290448714188490
1.321321321321321 -0.284691744720388
1.331331331331331 -0.279048883856686
1.341341341341341 -0.273517869856452
1.351351351351351 -0.268096485808604
1.361361361361361 -0.262782558743344
1.371371371371371 -0.257573958761193
1.381381381381381 -0.252468598179303
1.391391391391391 -0.247464430694682
1.401401401401401 -0.242559450564006
1.411411411411411 -0.237751691799687
1.421421421421421 -0.233039227381880
1.431431431431431 -0.228420168486101
1.441441441441441 -0.223892663726163
1.451451451451451 -0.219454898412110
1.461461461461461 -0.215105093822867
1.471471471471471 -0.210841506493298
1.481481481481481 -0.206662427515403
1.491491491491491 -0.202566181853363
1.501501501501501 -0.198551127672158
1.511511511511511 -0.194615655679500
1.521521521521521 -0.190758188480801
1.531531531531531 -0.186977179946935
1.541541541541541 -0.183271114594521
1.551551551551551 -0.179638506978500
1.561561561561561 -0.176077901096746
1.571571571571571 -0.172587869806478
1.581581581581581 -0.169167014252238
1.591591591591591 -0.165813963305218
1.601601601601601 -0.162527373013679
1.611611611611611 -0.159305926064288
1.621621621621621 -0.156148331254111
1.631631631631631 -0.153053322973082
1.641641641641641 -0.150019660696732
1.651651651651651 -0.147046128488963
1.661661661661661 -0.144131534514686
1.671671671671671 -0.141274710562117
1.681681681681681 -0.138474511574539
1.691691691691691 -0.135729815191346
1.701701701701701 -0.133039521298188
1.711711711711711 -0.130402551586023
1.721721721721721 -0.127817849118923
1.731731731731731 -0.125284377910430
1.741741741741741 -0.122801122508325
1.751751751751751 -0.120367087587616
1.761761761761761 -0.117981297551597
1.771771771771771 -0.115642796140816
1.781781781781781 -0.113350646049792
1.791791791791791 -0.111103928551331
1.801801801801801 -0.108901743128281
1.811811811811811 -0.106743207112599
1.821821821821821 -0.104627455331560
1.831831831831831 -0.102553639760984
1.841841841841841 -0.100520929185336
1.851851851851851 -0.098528508864563
1.861861861861861 -0.096575580207535
1.871871871871871 -0.094661360451954
1.881881881881881 -0.092785082350618
1.891891891891891 -0.090945993863890
1.901901901901901 -0.089143357858275
1.911911911911911 -0.087376451810966
1.921921921921921 -0.085644567520241
1.931931931931931 -0.083947010821610
1.941941941941941 -0.082283101309585
1.951951951951951 -0.080652172064959
1.961961961961961 -0.079053569387496
1.971971971971971 -0.077486652533924
1.981981981981981 -0.075950793461107
1.991991991991992 -0.074445376574324
2.002002002002002 -0.072969798480525
2.012012012012012 -0.071523467746482
2.022022022022022 -0.070105804661738
2.032032032032032 -0.068716241006247
2.042042042042042 -0.067354219822623
2.052052052052052 -0.066019195192907
2.062062062062062 -0.064710632019750
2.072072072072072 -0.063428005811944
2.082082082082082 -0.062170802474191
2.092092092092092 -0.060938518101054
2.102102102102102 -0.059730658774978
2.112112112112112 -0.058546740368325
2.122122122122122 -0.057386288349325
2.132132132132132 -0.056248837591880
2.142142142142142 -0.055133932189133
2.152152152152152 -0.054041125270733
2.162162162162162 -0.052969978823725
2.172172172172172 -0.051920063516986
2.182182182182182 -0.050890958529145
2.192192192192192 -0.049882251379909
2.202202202202202 -0.048893537764738
2.212212212212212 -0.047924421392790
2.222222222222222 -0.046974513828085
2.232232232232232 -0.046043434333815
2.242242242242242 -0.045130809719734
2.252252252252252 -0.044236274192583
2.262262262262262 -0.043359469209472
2.272272272272272 -0.042500043334174
2.282282282282282 -0.041657652096260
2.292292292292292 -0.040831957853032
2.302302302302302 -0.040022629654192
2.312312312312312 -0.039229343109190
2.322322322322322 -0.038451780257208
2.332332332332332 -0.037689629439709
2.342342342342342 -0.036942585175528
2.352352352352352 -0.036210348038425
2.362362362362362 -0.035492624537073
2.372372372372372 -0.034789126997423
2.382382382382382 -0.034099573447398
2.392392392392392 -0.033423687503874
2.402402402402402 -0.032761198261907
2.412412412412412 -0.032111840186142
2.422422422422422 -0.031475353004390
2.432432432432432 -0.030851481603303
2.442442442442442 -0.030239975926121
2.452452452452452 -0.029640590872450
2.462462462462462 -0.029053086200014
2.472472472472472 -0.028477226428370
2.482482482482482 -0.027912780744521
2.492492492492492 -0.027359522910403
2.502502502502502 -0.026817231172204
2.512512512512512 -0.026285688171483
2.522522522522522 -0.025764680858053
2.532532532532532 -0.025254000404581
2.542542542542542 -0.024753442122891
2.552552552552552 -0.024262805381922
2.562562562562562 -0.023781893527309
2.572572572572572 -0.023310513802566
2.582582582582582 -0.022848477271823
2.592592592592592 -0.022395598744097
2.602602602602602 -0.021951696699068
2.612612612612612 -0.021516593214320
2.622622622622622 -0.021090113894029
2.632632632632632 -0.020672087799061
2.642642642642642 -0.020262347378459
2.652652652652652 -0.019860728402286
2.662662662662662 -0.019467069895796
2.672672672672672 -0.019081214074918
2.682682682682682 -0.018703006283008
2.692692692692692 -0.018332294928867
2.702702702702702 -0.017968931425976
2.712712712712712 -0.017612770132941
2.722722722722722 -0.017263668295122
2.732732732732732 -0.016921485987407
2.742742742742742 -0.016586086058136
2.752752752752752 -0.016257334074125
2.762762762762762 -0.015935098266782
2.772772772772772 -0.015619249479295
2.782782782782782 -0.015309661114862
2.792792792792792 -0.015006209085951
2.802802802802802 -0.014708771764560
2.812812812812812 -0.014417229933472
2.822822822822822 -0.014131466738469
2.832832832832832 -0.013851367641492
2.842842842842842 -0.013576820374738
2.852852852852852 -0.013307714895657
2.862862862862862 -0.013043943342847
2.872872872872872 -0.012785399992821
2.882882882882882 -0.012531981217633
2.892892892892892 -0.012283585443341
2.902902902902902 -0.012040113109294
2.912912912912912 -0.011801466628231
2.922922922922922 -0.011567550347158
2.932932932932932 -0.011338270509018
2.942942942942942 -0.011113535215108
2.952952952952952 -0.010893254388243
2.962962962962962 -0.010677339736654
2.972972972972972 -0.010465704718598
2.982982982982982 -0.010258264507674
2.992992992992992 -0.010054935958817
3.003003003003002 -0.009855637574980
3.013013013013012 -0.009660289474463
3.023023023023022 -0.009468813358898
3.033033033033032 -0.009281132481863
3.043043043043042 -0.009097171618125
3.053053053053052 -0.008916857033487
3.063063063063062 -0.008740116455232
3.073073073073072 -0.008566879043158
3.083083083083082 -0.008397075361183
3.093093093093092 -0.008230637349515
3.103103103103102 -0.008067498297369
3.113113113113112 -0.007907592816235
3.123123123123122 -0.007750856813661
3.133133133133132 -0.007597227467573
3.143143143143142 -0.007446643201086
3.153153153153152 -0.007299043657831
3.163163163163162 -0.007154369677756
3.173173173173172 -0.007012563273420
3.183183183183182 -0.006873567606747
3.193193193193193 -0.006737326966247
3.203203203203203 -0.006603786744683
3.213213213213213 -0.006472893417186
3.223223223223223 -0.006344594519801
3.233233233233233 -0.006218838628458
3.243243243243243 -0.006095575338362
3.253253253253253 -0.005974755243786
3.263263263263263 -0.005856329918276
3.273273273273273 -0.005740251895233
3.283283283283283 -0.005626474648891
3.293293293293293 -0.005514952575671
3.303303303303303 -0.005405640975898
3.313313313313313 -0.005298496035890
3.323323323323323 -0.005193474810390
3.333333333333333 -0.005090535205359
3.343343343343343 -0.004989635961103
3.353353353353353 -0.004890736635731
3.363363363363363 -0.004793797588952
3.373373373373373 -0.004698779966181
3.383383383383383 -0.004605645682969
3.393393393393393 -0.004514357409737
3.403403403403403 -0.004424878556813
3.413413413413413 -0.004337173259767
3.423423423423423 -0.004251206365036
3.433433433433433 -0.004166943415836
3.443443443443443 -0.004084350638347
3.453453453453453 -0.004003394928178
3.463463463463463 -0.003924043837101
3.473473473473473 -0.003846265560040
3.483483483483483 -0.003770028922326
3.493493493493493 -0.003695303367204
3.503503503503503 -0.003622058943581
3.513513513513513 -0.003550266294023
3.523523523523523 -0.003479896642990
3.533533533533533 -0.003410921785297
3.543543543543543 -0.003343314074817
3.553553553553553 -0.003277046413391
3.563563563563563 -0.003212092239976
3.573573573573573 -0.003148425519991
3.583583583583583 -0.003086020734885
3.593593593593593 -0.003024852871910
3.603603603603603 -0.002964897414095
3.613613613613613 -0.002906130330416
3.623623623623623 -0.002848528066171
3.633633633633633 -0.002792067533530
3.643643643643643 -0.002736726102289
3.653653653653653 -0.002682481590795
3.663663663663663 -0.002629312257056
3.673673673673673 -0.002577196790028
3.683683683683683 -0.002526114301071
3.693693693693693 -0.002476044315578
3.703703703703703 -0.002426966764769
3.713713713713713 -0.002378861977645
3.723723723723723 -0.002331710673106
3.733733733733733 -0.002285493952221
3.743743743743743 -0.002240193290654
3.753753753753753 -0.002195790531239
3.763763763763763 -0.002152267876703
3.773773773773773 -0.002109607882530
3.783783783783783 -0.002067793449973
3.793793793793793 -0.002026807819196
3.803803803803803 -0.001986634562562
3.813813813813813 -0.001947257578043
3.823823823823823 -0.001908661082769
3.833833833833833 -0.001870829606701
3.843843843843843 -0.001833747986432
3.853853853853853 -0.001797401359108
3.863863863863863 -0.001761775156471
3.873873873873873 -0.001726855099018
3.883883883883883 -0.001692627190281
3.893893893893893 -0.001659077711215
3.903903903903903 -0.001626193214699
3.913913913913913 -0.001593960520147
3.923923923923923 -0.001562366708226
3.933933933933933 -0.001531399115674
3.943943943943943 -0.001501045330228
3.953953953953953 -0.001471293185649
3.963963963963963 -0.001442130756843
3.973973973973973 -0.001413546355083
3.983983983983983 -0.001385528523323
3.993993993993993 -0.001358066031609
4.004004004004003 -0.001331147872572
4.014014014014013 -0.001304763257022
4.024024024024023 -0.001278901609621
4.034034034034033 -0.001253552564641
4.044044044044043 -0.001228705961817
4.054054054054054 -0.001204351842268
4.064064064064064 -0.001180480444507
4.074074074074074 -0.001157082200530
4.084084084084084 -0.001134147731979
4.094094094094094 -0.001111667846384
4.104104104104104 -0.001089633533480
4.114114114114114 -0.001068035961592
4.124124124124124 -0.001046866474099
4.134134134134134 -0.001026116585961
4.144144144144144 -0.001005777980320
4.154154154154154 -0.000985842505167
4.164164164164164 -0.000966302170071
4.174174174174174 -0.000947149142983
4.184184184184184 -0.000928375747088
4.194194194194194 -0.000909974457737
4.204204204204204 -0.000891937899423
4.214214214214214 -0.000874258842832
4.224224224224224 -0.000856930201939
4.234234234234234 -0.000839945031172
4.244244244244244 -0.000823296522628
4.254254254254254 -0.000806978003340
4.264264264264264 -0.000790982932609
4.274274274274274 -0.000775304899377
4.284284284284284 -0.000759937619659
4.294294294294294 -0.000744874934025
4.304304304304304 -0.000730110805132
4.314314314314314 -0.000715639315300
4.324324324324324 -0.000701454664146
4.334334334334334 -0.000687551166255
4.344344344344344 -0.000673923248902
4.354354354354354 -0.000660565449818
4.364364364364364 -0.000647472415004
4.374374374374374 -0.000634638896579
4.384384384384384 -0.000622059750682
4.394394394394394 -0.000609729935408
4.404404404404404 -0.000597644508788
4.414414414414414 -0.000585798626805
4.424424424424424 -0.000574187541458
4.434434434434434 -0.000562806598855
4.444444444444444 -0.000551651237346
4.454454454454454 -0.000540716985702
4.464464464464464 -0.000529999461313
4.474474474474474 -0.000519494368441
4.484484484484484 -0.000509197496490
4.494494494494494 -0.000499104718324
4.504504504504504 -0.000489211988610
4.514514514514514 -0.000479515342199
4.524524524524524 -0.000470010892532
4.534534534534534 -0.000460694830087
4.544544544544544 -0.000451563420852
4.554554554554554 -0.000442613004823
4.564564564564564 -0.000433839994543
4.574574574574574 -0.000425240873663
4.584584584584584 -0.000416812195528
4.594594594594594 -0.000408550581802
4.604604604604604 -0.000400452721109
4.614614614614614 -0.000392515367709
4.624624624624624 -0.000384735340195
4.634634634634634 -0.000377109520217
4.644644644644644 -0.000369634851237
4.654654654654654 -0.000362308337298
4.664664664664664 -0.000355127041826
4.674674674674674 -0.000348088086453
4.684684684684684 -0.000341188649863
4.694694694694694 -0.000334425966661
4.704704704704704 -0.000327797326266
4.714714714714714 -0.000321300071821
4.724724724724724 -0.000314931599132
4.734734734734734 -0.000308689355623
4.744744744744744 -0.000302570839311
4.754754754754754 -0.000296573597805
4.764764764764764 -0.000290695227324
4.774774774774774 -0.000284933371730
4.784784784784784 -0.000279285721589
4.794794794794794 -0.000273750013240
4.804804804804804 -0.000268324027889
4.814814814814814 -0.000263005590723
4.824824824824824 -0.000257792570035
4.834834834834834 -0.000252682876370
4.844844844844844 -0.000247674461688
4.854854854854854 -0.000242765318543
4.864864864864864 -0.000237953479280
4.874874874874874 -0.000233237015242
4.884884884884884 -0.000228614036003
4.894894894894894 -0.000224082688605
4.904904904904904 -0.000219641156817
4.914914914914914 -0.000215287660409
4.924924924924924 -0.000211020454436
4.934934934934934 -0.000206837828540
4.944944944944944 -0.000202738106263
4.954954954954954 -0.000198719644377
4.964964964964964 -0.000194780832223
4.974974974974974 -0.000190920091068
4.984984984984984 -0.000187135873471
4.994994994994994 -0.000183426662662
5.005005005005004 -0.000179790971936
5.015015015015014 -0.000176227344054
5.025025025025024 -0.000172734350662
5.035035035035034 -0.000169310591718
5.045045045045044 -0.000165954694929
5.055055055055054 -0.000162665315203
5.065065065065064 -0.000159441134109
5.075075075075074 -0.000156280859347
5.085085085085084 -0.000153183224233
5.095095095095094 -0.000150146987190
5.105105105105104 -0.000147170931250
5.115115115115114 -0.000144253863567
5.125125125125124 -0.000141394614936
5.135135135135134 -0.000138592039330
5.145145145145144 -0.000135845013435
5.155155155155154 -0.000133152436203
5.165165165165164 -0.000130513228410
5.175175175175174 -0.000127926332223
5.185185185185184 -0.000125390710777
5.195195195195194 -0.000122905347756
5.205205205205204 -0.000120469246992
5.215215215215214 -0.000118081432059
5.225225225225224 -0.000115740945888
5.235235235235234 -0.000113446850375
5.245245245245244 -0.000111198226016
5.255255255255254 -0.000108994171527
5.265265265265264 -0.000106833803493
5.275275275275274 -0.000104716256006
5.285285285285284 -0.000102640680321
5.295295295295294 -0.000100606244519
5.305305305305304 -0.000098612133167
5.315315315315314 -0.000096657546997
5.325325325325324 -0.000094741702582
5.335335335335334 -0.000092863832023
5.345345345345344 -0.000091023182643
5.355355355355354 -0.000089219016683
5.365365365365364 -0.000087450611006
5.375375375375374 -0.000085717256809
5.385385385385384 -0.000084018259340
5.395395395395394 -0.000082352937614
5.405405405405404 -0.000080720624148
5.415415415415414 -0.000079120664685
5.425425425425424 -0.000077552417939
5.435435435435434 -0.000076015255333
5.445445445445444 -0.000074508560751
5.455455455455454 -0.000073031730287
5.465465465465464 -0.000071584172006
5.475475475475474 -0.000070165305705
5.485485485485484 -0.000068774562682
5.495495495495494 -0.000067411385507
5.505505505505504 -0.000066075227799
5.515515515515514 -0.000064765554007
5.525525525525524 -0.000063481839193
5.535535535535534 -0.000062223568826
5.545545545545544 -0.000060990238574
5.555555555555554 -0.000059781354099
5.565565565565564 -0.000058596430863
5.575575575575574 -0.000057434993931
5.585585585585584 -0.000056296577783
5.595595595595594 -0.000055180726124
5.605605605605605 -0.000054086991705
5.615615615615615 -0.000053014936142
5.625625625625625 -0.000051964129739
5.635635635635635 -0.000050934151316
5.645645645645645 -0.000049924588045
5.655655655655655 -0.000048935035277
5.665665665665665 -0.000047965096385
5.675675675675675 -0.000047014382603
5.685685685685685 -0.000046082512872
5.695695695695695 -0.000045169113684
5.705705705705705 -0.000044273818936
5.715715715715715 -0.000043396269780
5.725725725725725 -0.000042536114483
5.735735735735735 -0.000041693008280
5.745745745745745 -0.000040866613244
5.755755755755755 -0.000040056598142
5.765765765765765 -0.000039262638310
5.775775775775775 -0.000038484415515
5.785785785785785 -0.000037721617836
5.795795795795795 -0.000036973939531
5.805805805805805 -0.000036241080921
5.815815815815815 -0.000035522748265
5.825825825825825 -0.000034818653644
5.835835835835835 -0.000034128514848
5.845845845845845 -0.000033452055259
5.855855855855855 -0.000032789003741
5.865865865865865 -0.000032139094534
5.875875875875875 -0.000031502067145
5.885885885885885 -0.000030877666244
5.895895895895895 -0.000030265641563
5.905905905905905 -0.000029665747792
5.915915915915915 -0.000029077744485
5.925925925925925 -0.000028501395963
5.935935935935935 -0.000027936471216
5.945945945945945 -0.000027382743814
5.955955955955955 -0.000026839991816
5.965965965965965 -0.000026307997677
5.975975975975975 -0.000025786548168
5.985985985985985 -0.000025275434284
5.995995995995995 -0.000024774451162
6.006006006006005 -0.000024283398002
6.016016016016015 -0.000023802077982
6.026026026026025 -0.000023330298183
6.036036036036035 -0.000022867869507
6.046046046046045 -0.000022414606606
6.056056056056055 -0.000021970327807
6.066066066066065 -0.000021534855036
6.076076076076075 -0.000021108013750
6.086086086086085 -0.000020689632862
6.096096096096095 -0.000020279544682
6.106106106106105 -0.000019877584839
6.116116116116115 -0.000019483592222
6.126126126126125 -0.000019097408913
6.136136136136135 -0.000018718880124
6.146146146146145 -0.000018347854135
6.156156156156155 -0.000017984182234
6.166166166166165 -0.000017627718655
6.176176176176175 -0.000017278320524
6.186186186186185 -0.000016935847795
6.196196196196195 -0.000016600163201
6.206206206206205 -0.000016271132195
6.216216216216215 -0.000015948622895
6.226226226226225 -0.000015632506037
6.236236236236235 -0.000015322654915
6.246246246246245 -0.000015018945336
6.256256256256255 -0.000014721255570
6.266266266266265 -0.000014429466299
6.276276276276275 -0.000014143460567
6.286286286286285 -0.000013863123741
6.296296296296295 -0.000013588343457
6.306306306306305 -0.000013319009580
6.316316316316315 -0.000013055014156
6.326326326326325 -0.000012796251371
6.336336336336335 -0.000012542617512
6.346346346346345 -0.000012294010916
6.356356356356355 -0.000012050331939
6.366366366366365 -0.000011811482911
6.376376376376375 -0.000011577368098
6.386386386386385 -0.000011347893663
6.396396396396395 -0.000011122967629
6.406406406406405 -0.000010902499842
6.416416416416415 -0.000010686401937
6.426426426426425 -0.000010474587298
6.436436436436435 -0.000010266971025
6.446446446446445 -0.000010063469905
6.456456456456455 -0.000009864002370
6.466466466466465 -0.000009668488472
6.476476476476475 -0.000009476849844
6.486486486486485 -0.000009289009676
6.496496496496495 -0.000009104892679
6.506506506506505 -0.000008924425056
6.516516516516515 -0.000008747534472
6.526526526526525 -0.000008574150028
6.536536536536535 -0.000008404202228
6.546546546546545 -0.000008237622955
6.556556556556555 -0.000008074345442
6.566566566566565 -0.000007914304244
6.576576576576575 -0.000007757435214
6.586586586586585 -0.000007603675478
6.596596596596595 -0.000007452963406
6.606606606606605 -0.000007305238590
6.616616616616615 -0.000007160441821
6.626626626626625 -0.000007018515061
6.636636636636635 -0.000006879401424
6.646646646646645 -0.000006743045152
6.656656656656655 -0.000006609391590
6.666666666666665 -0.000006478387169
6.676676676676675 -0.000006349979380
6.686686686686685 -0.000006224116756
6.696696696696695 -0.000006100748848
6.706706706706705 -0.000005979826210
6.716716716716715 -0.000005861300373
6.726726726726725 -0.000005745123831
6.736736736736735 -0.000005631250018
6.746746746746745 -0.000005519633293
6.756756756756755 -0.000005410228917
6.766766766766765 -0.000005302993039
6.776776776776775 -0.000005197882679
6.786786786786785 -0.000005094855706
6.796796796796795 -0.000004993870825
6.806806806806805 -0.000004894887561
6.816816816816815 -0.000004797866239
6.826826826826825 -0.000004702767971
6.836836836836835 -0.000004609554642
6.846846846846845 -0.000004518188890
6.856856856856855 -0.000004428634093
6.866866866866865 -0.000004340854358
6.876876876876875 -0.000004254814500
6.886886886886885 -0.000004170480034
6.896896896896895 -0.000004087817158
6.906906906906905 -0.000004006792738
6.916916916916915 -0.000003927374299
6.926926926926925 -0.000003849530009
6.936936936936935 -0.000003773228667
6.946946946946945 -0.000003698439690
6.956956956956955 -0.000003625133101
6.966966966966965 -0.000003553279519
6.976976976976975 -0.000003482850143
6.986986986986985 -0.000003413816744
6.996996996996995 -0.000003346151653
7.007007007007005 -0.000003279827748
7.017017017017015 -0.000003214818446
7.027027027027025 -0.000003151097690
7.037037037037035 -0.000003088639940
7.047047047047045 -0.000003027420161
7.057057057057055 -0.000002967413818
7.067067067067065 -0.000002908596856
7.077077077077075 -0.000002850945703
7.087087087087085 -0.000002794437251
7.097097097097095 -0.000002739048849
7.107107107107105 -0.000002684758299
7.117117117117115 -0.000002631543839
7.127127127127125 -0.000002579384140
7.137137137137135 -0.000002528258295
7.147147147147145 -0.000002478145814
7.157157157157156 -0.000002429026609
7.167167167167166 -0.000002380880994
7.177177177177176 -0.000002333689671
7.187187187187186 -0.000002287433724
7.197197197197196 -0.000002242094614
7.207207207207206 -0.000002197654169
7.217217217217216 -0.000002154094575
7.227227227227226 -0.000002111398374
7.237237237237236 -0.000002069548453
7.247247247247246 -0.000002028528036
7.257257257257256 -0.000001988320683
7.267267267267266 -0.000001948910278
7.277277277277276 -0.000001910281025
7.287287287287286 -0.000001872417440
7.297297297297296 -0.000001835304347
7.307307307307306 -0.000001798926871
7.317317317317316 -0.000001763270432
7.327327327327326 -0.000001728320736
7.337337337337336 -0.000001694063777
7.347347347347346 -0.000001660485824
7.357357357357356 -0.000001627573417
7.367367367367366 -0.000001595313366
7.377377377377376 -0.000001563692739
7.387387387387386 -0.000001532698863
7.397397397397396 -0.000001502319316
7.407407407407406 -0.000001472541919
7.417417417417416 -0.000001443354739
7.427427427427426 -0.000001414746077
7.437437437437436 -0.000001386704466
7.447447447447446 -0.000001359218666
7.457457457457456 -0.000001332277660
7.467467467467466 -0.000001305870651
7.477477477477476 -0.000001279987054
7.487487487487486 -0.000001254616495
7.497497497497496 -0.000001229748804
7.507507507507506 -0.000001205374014
7.517517517517516 -0.000001181482356
7.527527527527526 -0.000001158064253
7.537537537537536 -0.000001135110320
7.547547547547546 -0.000001112611355
7.557557557557556 -0.000001090558340
7.567567567567566 -0.000001068942438
7.577577577577576 -0.000001047754983
7.587587587587586 -0.000001026987484
7.597597597597596 -0.000001006631616
7.607607607607606 -0.000000986679221
7.617617617617616 -0.000000967122302
7.627627627627626 -0.000000947953019
7.637637637637636 -0.000000929163689
7.647647647647646 -0.000000910746782
7.657657657657656 -0.000000892694916
7.667667667667666 -0.000000875000854
7.677677677677676 -0.000000857657506
7.687687687687686 -0.000000840657919
7.697697697697696 -0.000000823995281
7.707707707707706 -0.000000807662911
7.717717717717716 -0.000000791654265
7.727727727727726 -0.000000775962925
7.737737737737736 -0.000000760582603
7.747747747747746 -0.000000745507133
7.757757757757756 -0.000000730730474
7.767767767767766 -0.000000716246701
7.777777777777776 -0.000000702050011
7.787787787787786 -0.000000688134713
7.797797797797796 -0.000000674495229
7.807807807807806 -0.000000661126093
7.817817817817816 -0.000000648021946
7.827827827827826 -0.000000635177535
7.837837837837836 -0.000000622587713
7.847847847847846 -0.000000610247433
7.857857857857856 -0.000000598151749
7.867867867867866 -0.000000586295813
7.877877877877876 -0.000000574674873
7.887887887887886 -0.000000563284271
7.897897897897896 -0.000000552119441
7.907907907907906 -0.000000541175910
7.917917917917916 -0.000000530449289
7.927927927927926 -0.000000519935280
7.937937937937936 -0.000000509629669
7.947947947947946 -0.000000499528324
7.957957957957956 -0.000000489627199
7.967967967967966 -0.000000479922322
7.977977977977976 -0.000000470409806
7.987987987987986 -0.000000461085837
7.997997997997996 -0.000000451946677
8.008008008008007 -0.000000442988665
8.018018018018017 -0.000000434208208
8.028028028028027 -0.000000425601789
8.038038038038037 -0.000000417165957
8.048048048048047 -0.000000408897332
8.058058058058057 -0.000000400792598
8.068068068068067 -0.000000392848508
8.078078078078077 -0.000000385061877
8.088088088088087 -0.000000377429585
8.098098098098097 -0.000000369948572
8.108108108108107 -0.000000362615840
8.118118118118117 -0.000000355428450
8.128128128128127 -0.000000348383520
8.138138138138137 -0.000000341478228
8.148148148148147 -0.000000334709805
8.158158158158157 -0.000000328075538
8.168168168168167 -0.000000321572769
8.178178178178177 -0.000000315198892
8.188188188188187 -0.000000308951350
8.198198198198197 -0.000000302827641
8.208208208208207 -0.000000296825309
8.218218218218217 -0.000000290941950
8.228228228228227 -0.000000285175204
8.238238238238237 -0.000000279522760
8.248248248248247 -0.000000273982354
8.258258258258257 -0.000000268551763
8.268268268268267 -0.000000263228812
8.278278278278277 -0.000000258011367
8.288288288288287 -0.000000252897336
8.298298298298297 -0.000000247884671
8.308308308308307 -0.000000242971361
8.318318318318317 -0.000000238155438
8.328328328328327 -0.000000233434971
8.338338338338337 -0.000000228808068
8.348348348348347 -0.000000224272875
8.358358358358357 -0.000000219827573
8.368368368368367 -0.000000215470382
8.378378378378377 -0.000000211199554
8.388388388388387 -0.000000207013378
8.398398398398397 -0.000000202910177
8.408408408408407 -0.000000198888304
8.418418418418417 -0.000000194946149
8.428428428428427 -0.000000191082131
8.438438438438437 -0.000000187294702
8.448448448448447 -0.000000183582343
8.458458458458457 -0.000000179943566
8.468468468468467 -0.000000176376914
8.478478478478477 -0.000000172880956
8.488488488488487 -0.000000169454291
8.498498498498497 -0.000000166095546
8.508508508508507 -0.000000162803374
8.518518518518517 -0.000000159576457
8.528528528528527 -0.000000156413500
8.538538538538537 -0.000000153313236
8.548548548548547 -0.000000150274422
8.558558558558557 -0.000000147295840
8.568568568568567 -0.000000144376296
8.578578578578577 -0.000000141514621
8.588588588588587 -0.000000138709667
8.598598598598597 -0.000000135960309
8.608608608608607 -0.000000133265447
8.618618618618617 -0.000000130623999
8.628628628628627 -0.000000128034907
8.638638638638637 -0.000000125497134
8.648648648648647 -0.000000123009661
8.658658658658657 -0.000000120571493
8.668668668668667 -0.000000118181652
8.678678678678677 -0.000000115839179
8.688688688688687 -0.000000113543136
8.698698698698697 -0.000000111292604
8.708708708708707 -0.000000109086678
8.718718718718717 -0.000000106924477
8.728728728728727 -0.000000104805132
8.738738738738737 -0.000000102727795
8.748748748748747 -0.000000100691632
8.758758758758757 -0.000000098695828
8.768768768768767 -0.000000096739583
8.778778778778777 -0.000000094822113
8.788788788788787 -0.000000092942649
8.798798798798797 -0.000000091100437
8.808808808808807 -0.000000089294740
8.818818818818817 -0.000000087524833
8.828828828828827 -0.000000085790008
8.838838838838837 -0.000000084089568
8.848848848848847 -0.000000082422833
8.858858858858857 -0.000000080789134
8.868868868868867 -0.000000079187817
8.878878878878878 -0.000000077618239
8.888888888888888 -0.000000076079772
8.898898898898898 -0.000000074571799
8.908908908908908 -0.000000073093715
8.918918918918918 -0.000000071644928
8.928928928928928 -0.000000070224857
8.938938938938938 -0.000000068832934
8.948948948948948 -0.000000067468600
8.958958958958958 -0.000000066131308
8.968968968968968 -0.000000064820523
8.978978978978978 -0.000000063535718
8.988988988988988 -0.000000062276380
8.998998998998998 -0.000000061042003
9.009009009009008 -0.000000059832092
9.019019019019018 -0.000000058646164
9.029029029029028 -0.000000057483741
9.039039039039038 -0.000000056344358
9.049049049049048 -0.000000055227560
9.059059059059058 -0.000000054132897
9.069069069069068 -0.000000053059932
9.079079079079078 -0.000000052008233
9.089089089089088 -0.000000050977381
9.099099099099098 -0.000000049966961
9.109109109109108 -0.000000048976568
9.119119119119118 -0.000000048005806
9.129129129129128 -0.000000047054285
9.139139139139138 -0.000000046121625
9.149149149149148 -0.000000045207450
9.159159159159158 -0.000000044311396
9.169169169169168 -0.000000043433102
9.179179179179178 -0.000000042572216
9.189189189189188 -0.000000041728394
9.199199199199198 -0.000000040901298
9.209209209209208 -0.000000040090595
9.219219219219218 -0.000000039295962
9.229229229229228 -0.000000038517078
9.239239239239238 -0.000000037753633
9.249249249249248 -0.000000037005320
9.259259259259258 -0.000000036271840
9.269269269269268 -0.000000035552898
9.279279279279278 -0.000000034848205
9.289289289289288 -0.000000034157481
9.299299299299298 -0.000000033480447
9.309309309309308 -0.000000032816833
9.319319319319318 -0.000000032166372
9.329329329329328 -0.000000031528804
9.339339339339338 -0.000000030903873
9.349349349349348 -0.000000030291329
9.359359359359358 -0.000000029690926
9.369369369369368 -0.000000029102424
9.379379379379378 -0.000000028525586
9.389389389389388 -0.000000027960182
9.399399399399398 -0.000000027405984
9.409409409409408 -0.000000026862772
9.419419419419418 -0.000000026330326
9.429429429429428 -0.000000025808434
9.439439439439438 -0.000000025296886
9.449449449449448 -0.000000024795478
9.459459459459458 -0.000000024304008
9.469469469469468 -0.000000023822280
9.479479479479478 -0.000000023350099
9.489489489489488 -0.000000022887278
9.499499499499498 -0.000000022433631
9.509509509509508 -0.000000021988975
9.519519519519518 -0.000000021553132
9.529529529529528 -0.000000021125929
9.539539539539538 -0.000000020707193
9.549549549549548 -0.000000020296757
9.559559559559558 -0.000000019894456
9.569569569569568 -0.000000019500129
9.579579579579578 -0.000000019113617
9.589589589589588 -0.000000018734767
9.599599599599598 -0.000000018363427
9.609609609609608 -0.000000017999446
9.619619619619618 -0.000000017642680
9.629629629629628 -0.000000017292985
9.639639639639638 -0.000000016950222
9.649649649649648 -0.000000016614252
9.659659659659658 -0.000000016284942
9.669669669669668 -0.000000015962159
9.679679679679678 -0.000000015645774
9.689689689689688 -0.000000015335660
9.699699699699698 -0.000000015031692
9.709709709709708 -0.000000014733750
9.719719719719718 -0.000000014441713
9.729729729729728 -0.000000014155465
9.739739739739738 -0.000000013874890
9.749749749749748 -0.000000013599876
9.759759759759758 -0.000000013330314
9.769769769769768 -0.000000013066094
9.779779779779778 -0.000000012807112
9.789789789789788 -0.000000012553263
9.799799799799798 -0.000000012304445
9.809809809809808 -0.000000012060559
9.819819819819818 -0.000000011821508
9.829829829829828 -0.000000011587194
9.839839839839838 -0.000000011357525
9.849849849849848 -0.000000011132408
9.859859859859858 -0.000000010911753
9.869869869869868 -0.000000010695472
9.879879879879878 -0.000000010483477
9.889889889889888 -0.000000010275685
9.899899899899898 -0.000000010072011
9.909909909909908 -0.000000009872374
9.919919919919918 -0.000000009676694
9.929929929929928 -0.000000009484893
9.939939939939938 -0.000000009296894
9.949949949949948 -0.000000009112620
9.959959959959958 -0.000000008932000
9.969969969969968 -0.000000008754959
9.979979979979978 -0.000000008581427
9.989989989989988 -0.000000008411335
9.999999999999998 -0.000000008244614
